(kicad_pcb (version 20171130) (host pcbnew 5.0.1)

  (general
    (thickness 1.6)
    (drawings 6)
    (tracks 113)
    (zones 0)
    (modules 11)
    (nets 7)
  )

  (page A4)
  (layers
    (0 F.Cu signal)
    (31 B.Cu signal)
    (32 B.Adhes user)
    (33 F.Adhes user)
    (34 B.Paste user)
    (35 F.Paste user)
    (36 B.SilkS user)
    (37 F.SilkS user)
    (38 B.Mask user)
    (39 F.Mask user)
    (40 Dwgs.User user)
    (41 Cmts.User user)
    (42 Eco1.User user)
    (43 Eco2.User user)
    (44 Edge.Cuts user)
    (45 Margin user)
    (46 B.CrtYd user)
    (47 F.CrtYd user)
    (48 B.Fab user)
    (49 F.Fab user)
  )

  (setup
    (last_trace_width 0.2032)
    (trace_clearance 0.2032)
    (zone_clearance 0.508)
    (zone_45_only no)
    (trace_min 0.2032)
    (segment_width 0.2)
    (edge_width 0.15)
    (via_size 0.6096)
    (via_drill 0.3048)
    (via_min_size 0.6096)
    (via_min_drill 0.3048)
    (uvia_size 0.3)
    (uvia_drill 0.1)
    (uvias_allowed no)
    (uvia_min_size 0.2)
    (uvia_min_drill 0.1)
    (pcb_text_width 0.3)
    (pcb_text_size 1.5 1.5)
    (mod_edge_width 0.15)
    (mod_text_size 1 1)
    (mod_text_width 0.15)
    (pad_size 1.524 1.524)
    (pad_drill 0.762)
    (pad_to_mask_clearance 0.051)
    (solder_mask_min_width 0.25)
    (aux_axis_origin 0 0)
    (grid_origin 52.07 132.715)
    (visible_elements 7FFFFFFF)
    (pcbplotparams
      (layerselection 0x010fc_ffffffff)
      (usegerberextensions false)
      (usegerberattributes false)
      (usegerberadvancedattributes false)
      (creategerberjobfile false)
      (excludeedgelayer true)
      (linewidth 0.100000)
      (plotframeref false)
      (viasonmask false)
      (mode 1)
      (useauxorigin false)
      (hpglpennumber 1)
      (hpglpenspeed 20)
      (hpglpendiameter 15.000000)
      (psnegative false)
      (psa4output false)
      (plotreference true)
      (plotvalue true)
      (plotinvisibletext false)
      (padsonsilk false)
      (subtractmaskfromsilk false)
      (outputformat 1)
      (mirror false)
      (drillshape 0)
      (scaleselection 1)
      (outputdirectory "../../../FinalGerbers/Filter4Ord_Gerber/"))
  )

  (net 0 "")
  (net 1 "Net-(C1-Pad1)")
  (net 2 GND)
  (net 3 "Net-(C2-Pad2)")
  (net 4 "Net-(C3-Pad1)")
  (net 5 "Net-(C4-Pad2)")
  (net 6 "Net-(J2-Pad1)")

  (net_class Default "This is the default net class."
    (clearance 0.2032)
    (trace_width 0.2032)
    (via_dia 0.6096)
    (via_drill 0.3048)
    (uvia_dia 0.3)
    (uvia_drill 0.1)
    (diff_pair_gap 0.2032)
    (diff_pair_width 0.2032)
    (add_net GND)
  )

  (net_class 50Ohm ""
    (clearance 0.37)
    (trace_width 1.8)
    (via_dia 0.6096)
    (via_drill 0.3048)
    (uvia_dia 0.3)
    (uvia_drill 0.1)
    (diff_pair_gap 0.2032)
    (diff_pair_width 0.2032)
    (add_net "Net-(C1-Pad1)")
    (add_net "Net-(C2-Pad2)")
    (add_net "Net-(C3-Pad1)")
    (add_net "Net-(C4-Pad2)")
    (add_net "Net-(J2-Pad1)")
  )

  (module Capacitor_SMD:C_1206_3216Metric_Pad1.42x1.75mm_HandSolder (layer F.Cu) (tedit 5B301BBE) (tstamp 5C245C31)
    (at 58.674 129.2495 270)
    (descr "Capacitor SMD 1206 (3216 Metric), square (rectangular) end terminal, IPC_7351 nominal with elongated pad for handsoldering. (Body size source: http://www.tortai-tech.com/upload/download/2011102023233369053.pdf), generated with kicad-footprint-generator")
    (tags "capacitor handsolder")
    (path /5C17E01E)
    (attr smd)
    (fp_text reference C1 (at -3.5195 0.254) (layer F.SilkS)
      (effects (font (size 1 1) (thickness 0.15)))
    )
    (fp_text value C (at 0 1.82 270) (layer F.Fab)
      (effects (font (size 1 1) (thickness 0.15)))
    )
    (fp_line (start -1.6 0.8) (end -1.6 -0.8) (layer F.Fab) (width 0.1))
    (fp_line (start -1.6 -0.8) (end 1.6 -0.8) (layer F.Fab) (width 0.1))
    (fp_line (start 1.6 -0.8) (end 1.6 0.8) (layer F.Fab) (width 0.1))
    (fp_line (start 1.6 0.8) (end -1.6 0.8) (layer F.Fab) (width 0.1))
    (fp_line (start -0.602064 -0.91) (end 0.602064 -0.91) (layer F.SilkS) (width 0.12))
    (fp_line (start -0.602064 0.91) (end 0.602064 0.91) (layer F.SilkS) (width 0.12))
    (fp_line (start -2.45 1.12) (end -2.45 -1.12) (layer F.CrtYd) (width 0.05))
    (fp_line (start -2.45 -1.12) (end 2.45 -1.12) (layer F.CrtYd) (width 0.05))
    (fp_line (start 2.45 -1.12) (end 2.45 1.12) (layer F.CrtYd) (width 0.05))
    (fp_line (start 2.45 1.12) (end -2.45 1.12) (layer F.CrtYd) (width 0.05))
    (fp_text user %R (at 0 0 270) (layer F.Fab)
      (effects (font (size 0.8 0.8) (thickness 0.12)))
    )
    (pad 1 smd roundrect (at -1.4875 0 270) (size 1.425 1.75) (layers F.Cu F.Paste F.Mask) (roundrect_rratio 0.175439)
      (net 1 "Net-(C1-Pad1)"))
    (pad 2 smd roundrect (at 1.4875 0 270) (size 1.425 1.75) (layers F.Cu F.Paste F.Mask) (roundrect_rratio 0.175439)
      (net 2 GND))
    (model ${KISYS3DMOD}/Capacitor_SMD.3dshapes/C_1206_3216Metric.wrl
      (at (xyz 0 0 0))
      (scale (xyz 1 1 1))
      (rotate (xyz 0 0 0))
    )
  )

  (module Capacitor_SMD:C_1206_3216Metric_Pad1.42x1.75mm_HandSolder (layer F.Cu) (tedit 5B301BBE) (tstamp 5C245C42)
    (at 66.5115 127.762)
    (descr "Capacitor SMD 1206 (3216 Metric), square (rectangular) end terminal, IPC_7351 nominal with elongated pad for handsoldering. (Body size source: http://www.tortai-tech.com/upload/download/2011102023233369053.pdf), generated with kicad-footprint-generator")
    (tags "capacitor handsolder")
    (path /5C17E2A0)
    (attr smd)
    (fp_text reference C2 (at 0 -2.032) (layer F.SilkS)
      (effects (font (size 1 1) (thickness 0.15)))
    )
    (fp_text value C (at 0 1.82) (layer F.Fab)
      (effects (font (size 1 1) (thickness 0.15)))
    )
    (fp_text user %R (at 0 0) (layer F.Fab)
      (effects (font (size 0.8 0.8) (thickness 0.12)))
    )
    (fp_line (start 2.45 1.12) (end -2.45 1.12) (layer F.CrtYd) (width 0.05))
    (fp_line (start 2.45 -1.12) (end 2.45 1.12) (layer F.CrtYd) (width 0.05))
    (fp_line (start -2.45 -1.12) (end 2.45 -1.12) (layer F.CrtYd) (width 0.05))
    (fp_line (start -2.45 1.12) (end -2.45 -1.12) (layer F.CrtYd) (width 0.05))
    (fp_line (start -0.602064 0.91) (end 0.602064 0.91) (layer F.SilkS) (width 0.12))
    (fp_line (start -0.602064 -0.91) (end 0.602064 -0.91) (layer F.SilkS) (width 0.12))
    (fp_line (start 1.6 0.8) (end -1.6 0.8) (layer F.Fab) (width 0.1))
    (fp_line (start 1.6 -0.8) (end 1.6 0.8) (layer F.Fab) (width 0.1))
    (fp_line (start -1.6 -0.8) (end 1.6 -0.8) (layer F.Fab) (width 0.1))
    (fp_line (start -1.6 0.8) (end -1.6 -0.8) (layer F.Fab) (width 0.1))
    (pad 2 smd roundrect (at 1.4875 0) (size 1.425 1.75) (layers F.Cu F.Paste F.Mask) (roundrect_rratio 0.175439)
      (net 3 "Net-(C2-Pad2)"))
    (pad 1 smd roundrect (at -1.4875 0) (size 1.425 1.75) (layers F.Cu F.Paste F.Mask) (roundrect_rratio 0.175439)
      (net 1 "Net-(C1-Pad1)"))
    (model ${KISYS3DMOD}/Capacitor_SMD.3dshapes/C_1206_3216Metric.wrl
      (at (xyz 0 0 0))
      (scale (xyz 1 1 1))
      (rotate (xyz 0 0 0))
    )
  )

  (module Capacitor_SMD:C_1206_3216Metric_Pad1.42x1.75mm_HandSolder (layer F.Cu) (tedit 5B301BBE) (tstamp 5C245C53)
    (at 79.502 129.286 270)
    (descr "Capacitor SMD 1206 (3216 Metric), square (rectangular) end terminal, IPC_7351 nominal with elongated pad for handsoldering. (Body size source: http://www.tortai-tech.com/upload/download/2011102023233369053.pdf), generated with kicad-footprint-generator")
    (tags "capacitor handsolder")
    (path /5C17E42B)
    (attr smd)
    (fp_text reference C3 (at -3.556 0.127) (layer F.SilkS)
      (effects (font (size 1 1) (thickness 0.15)))
    )
    (fp_text value C (at 0 1.82 270) (layer F.Fab)
      (effects (font (size 1 1) (thickness 0.15)))
    )
    (fp_line (start -1.6 0.8) (end -1.6 -0.8) (layer F.Fab) (width 0.1))
    (fp_line (start -1.6 -0.8) (end 1.6 -0.8) (layer F.Fab) (width 0.1))
    (fp_line (start 1.6 -0.8) (end 1.6 0.8) (layer F.Fab) (width 0.1))
    (fp_line (start 1.6 0.8) (end -1.6 0.8) (layer F.Fab) (width 0.1))
    (fp_line (start -0.602064 -0.91) (end 0.602064 -0.91) (layer F.SilkS) (width 0.12))
    (fp_line (start -0.602064 0.91) (end 0.602064 0.91) (layer F.SilkS) (width 0.12))
    (fp_line (start -2.45 1.12) (end -2.45 -1.12) (layer F.CrtYd) (width 0.05))
    (fp_line (start -2.45 -1.12) (end 2.45 -1.12) (layer F.CrtYd) (width 0.05))
    (fp_line (start 2.45 -1.12) (end 2.45 1.12) (layer F.CrtYd) (width 0.05))
    (fp_line (start 2.45 1.12) (end -2.45 1.12) (layer F.CrtYd) (width 0.05))
    (fp_text user %R (at 0 0 270) (layer F.Fab)
      (effects (font (size 0.8 0.8) (thickness 0.12)))
    )
    (pad 1 smd roundrect (at -1.4875 0 270) (size 1.425 1.75) (layers F.Cu F.Paste F.Mask) (roundrect_rratio 0.175439)
      (net 4 "Net-(C3-Pad1)"))
    (pad 2 smd roundrect (at 1.4875 0 270) (size 1.425 1.75) (layers F.Cu F.Paste F.Mask) (roundrect_rratio 0.175439)
      (net 2 GND))
    (model ${KISYS3DMOD}/Capacitor_SMD.3dshapes/C_1206_3216Metric.wrl
      (at (xyz 0 0 0))
      (scale (xyz 1 1 1))
      (rotate (xyz 0 0 0))
    )
  )

  (module Capacitor_SMD:C_1206_3216Metric_Pad1.42x1.75mm_HandSolder (layer F.Cu) (tedit 5B301BBE) (tstamp 5C245C64)
    (at 84.0375 127.762)
    (descr "Capacitor SMD 1206 (3216 Metric), square (rectangular) end terminal, IPC_7351 nominal with elongated pad for handsoldering. (Body size source: http://www.tortai-tech.com/upload/download/2011102023233369053.pdf), generated with kicad-footprint-generator")
    (tags "capacitor handsolder")
    (path /5C17E4E3)
    (attr smd)
    (fp_text reference C4 (at 0 -2.032) (layer F.SilkS)
      (effects (font (size 1 1) (thickness 0.15)))
    )
    (fp_text value C (at 0 1.82) (layer F.Fab)
      (effects (font (size 1 1) (thickness 0.15)))
    )
    (fp_text user %R (at 2.604999 0) (layer F.Fab)
      (effects (font (size 0.8 0.8) (thickness 0.12)))
    )
    (fp_line (start 2.45 1.12) (end -2.45 1.12) (layer F.CrtYd) (width 0.05))
    (fp_line (start 2.45 -1.12) (end 2.45 1.12) (layer F.CrtYd) (width 0.05))
    (fp_line (start -2.45 -1.12) (end 2.45 -1.12) (layer F.CrtYd) (width 0.05))
    (fp_line (start -2.45 1.12) (end -2.45 -1.12) (layer F.CrtYd) (width 0.05))
    (fp_line (start -0.602064 0.91) (end 0.602064 0.91) (layer F.SilkS) (width 0.12))
    (fp_line (start -0.602064 -0.91) (end 0.602064 -0.91) (layer F.SilkS) (width 0.12))
    (fp_line (start 1.6 0.8) (end -1.6 0.8) (layer F.Fab) (width 0.1))
    (fp_line (start 1.6 -0.8) (end 1.6 0.8) (layer F.Fab) (width 0.1))
    (fp_line (start -1.6 -0.8) (end 1.6 -0.8) (layer F.Fab) (width 0.1))
    (fp_line (start -1.6 0.8) (end -1.6 -0.8) (layer F.Fab) (width 0.1))
    (pad 2 smd roundrect (at 1.4875 0) (size 1.425 1.75) (layers F.Cu F.Paste F.Mask) (roundrect_rratio 0.175439)
      (net 5 "Net-(C4-Pad2)"))
    (pad 1 smd roundrect (at -1.4875 0) (size 1.425 1.75) (layers F.Cu F.Paste F.Mask) (roundrect_rratio 0.175439)
      (net 4 "Net-(C3-Pad1)"))
    (model ${KISYS3DMOD}/Capacitor_SMD.3dshapes/C_1206_3216Metric.wrl
      (at (xyz 0 0 0))
      (scale (xyz 1 1 1))
      (rotate (xyz 0 0 0))
    )
  )

  (module Inductor_SMD:L_1206_3216Metric_Pad1.42x1.75mm_HandSolder (layer F.Cu) (tedit 5B301BBE) (tstamp 5C245E84)
    (at 61.722 129.2495 270)
    (descr "Capacitor SMD 1206 (3216 Metric), square (rectangular) end terminal, IPC_7351 nominal with elongated pad for handsoldering. (Body size source: http://www.tortai-tech.com/upload/download/2011102023233369053.pdf), generated with kicad-footprint-generator")
    (tags "inductor handsolder")
    (path /5C17E0AC)
    (attr smd)
    (fp_text reference L1 (at -3.5195 0.127) (layer F.SilkS)
      (effects (font (size 1 1) (thickness 0.15)))
    )
    (fp_text value L (at 0 1.82 270) (layer F.Fab)
      (effects (font (size 1 1) (thickness 0.15)))
    )
    (fp_line (start -1.6 0.8) (end -1.6 -0.8) (layer F.Fab) (width 0.1))
    (fp_line (start -1.6 -0.8) (end 1.6 -0.8) (layer F.Fab) (width 0.1))
    (fp_line (start 1.6 -0.8) (end 1.6 0.8) (layer F.Fab) (width 0.1))
    (fp_line (start 1.6 0.8) (end -1.6 0.8) (layer F.Fab) (width 0.1))
    (fp_line (start -0.602064 -0.91) (end 0.602064 -0.91) (layer F.SilkS) (width 0.12))
    (fp_line (start -0.602064 0.91) (end 0.602064 0.91) (layer F.SilkS) (width 0.12))
    (fp_line (start -2.45 1.12) (end -2.45 -1.12) (layer F.CrtYd) (width 0.05))
    (fp_line (start -2.45 -1.12) (end 2.45 -1.12) (layer F.CrtYd) (width 0.05))
    (fp_line (start 2.45 -1.12) (end 2.45 1.12) (layer F.CrtYd) (width 0.05))
    (fp_line (start 2.45 1.12) (end -2.45 1.12) (layer F.CrtYd) (width 0.05))
    (fp_text user %R (at 0 0 270) (layer F.Fab)
      (effects (font (size 0.8 0.8) (thickness 0.12)))
    )
    (pad 1 smd roundrect (at -1.4875 0 270) (size 1.425 1.75) (layers F.Cu F.Paste F.Mask) (roundrect_rratio 0.175439)
      (net 1 "Net-(C1-Pad1)"))
    (pad 2 smd roundrect (at 1.4875 0 270) (size 1.425 1.75) (layers F.Cu F.Paste F.Mask) (roundrect_rratio 0.175439)
      (net 2 GND))
    (model ${KISYS3DMOD}/Inductor_SMD.3dshapes/L_1206_3216Metric.wrl
      (at (xyz 0 0 0))
      (scale (xyz 1 1 1))
      (rotate (xyz 0 0 0))
    )
  )

  (module Inductor_SMD:L_1206_3216Metric_Pad1.42x1.75mm_HandSolder (layer F.Cu) (tedit 5B301BBE) (tstamp 5C245C86)
    (at 71.8455 127.762)
    (descr "Capacitor SMD 1206 (3216 Metric), square (rectangular) end terminal, IPC_7351 nominal with elongated pad for handsoldering. (Body size source: http://www.tortai-tech.com/upload/download/2011102023233369053.pdf), generated with kicad-footprint-generator")
    (tags "inductor handsolder")
    (path /5C17E23C)
    (attr smd)
    (fp_text reference L2 (at 0 -2.032) (layer F.SilkS)
      (effects (font (size 1 1) (thickness 0.15)))
    )
    (fp_text value L (at 0 1.82) (layer F.Fab)
      (effects (font (size 1 1) (thickness 0.15)))
    )
    (fp_text user %R (at 0 0) (layer F.Fab)
      (effects (font (size 0.8 0.8) (thickness 0.12)))
    )
    (fp_line (start 2.45 1.12) (end -2.45 1.12) (layer F.CrtYd) (width 0.05))
    (fp_line (start 2.45 -1.12) (end 2.45 1.12) (layer F.CrtYd) (width 0.05))
    (fp_line (start -2.45 -1.12) (end 2.45 -1.12) (layer F.CrtYd) (width 0.05))
    (fp_line (start -2.45 1.12) (end -2.45 -1.12) (layer F.CrtYd) (width 0.05))
    (fp_line (start -0.602064 0.91) (end 0.602064 0.91) (layer F.SilkS) (width 0.12))
    (fp_line (start -0.602064 -0.91) (end 0.602064 -0.91) (layer F.SilkS) (width 0.12))
    (fp_line (start 1.6 0.8) (end -1.6 0.8) (layer F.Fab) (width 0.1))
    (fp_line (start 1.6 -0.8) (end 1.6 0.8) (layer F.Fab) (width 0.1))
    (fp_line (start -1.6 -0.8) (end 1.6 -0.8) (layer F.Fab) (width 0.1))
    (fp_line (start -1.6 0.8) (end -1.6 -0.8) (layer F.Fab) (width 0.1))
    (pad 2 smd roundrect (at 1.4875 0) (size 1.425 1.75) (layers F.Cu F.Paste F.Mask) (roundrect_rratio 0.175439)
      (net 4 "Net-(C3-Pad1)"))
    (pad 1 smd roundrect (at -1.4875 0) (size 1.425 1.75) (layers F.Cu F.Paste F.Mask) (roundrect_rratio 0.175439)
      (net 3 "Net-(C2-Pad2)"))
    (model ${KISYS3DMOD}/Inductor_SMD.3dshapes/L_1206_3216Metric.wrl
      (at (xyz 0 0 0))
      (scale (xyz 1 1 1))
      (rotate (xyz 0 0 0))
    )
  )

  (module Inductor_SMD:L_1206_3216Metric_Pad1.42x1.75mm_HandSolder (layer F.Cu) (tedit 5B301BBE) (tstamp 5C245C97)
    (at 76.454 129.2495 270)
    (descr "Capacitor SMD 1206 (3216 Metric), square (rectangular) end terminal, IPC_7351 nominal with elongated pad for handsoldering. (Body size source: http://www.tortai-tech.com/upload/download/2011102023233369053.pdf), generated with kicad-footprint-generator")
    (tags "inductor handsolder")
    (path /5C17E483)
    (attr smd)
    (fp_text reference L3 (at -3.5195 0.254) (layer F.SilkS)
      (effects (font (size 1 1) (thickness 0.15)))
    )
    (fp_text value L (at 0 1.82 270) (layer F.Fab)
      (effects (font (size 1 1) (thickness 0.15)))
    )
    (fp_line (start -1.6 0.8) (end -1.6 -0.8) (layer F.Fab) (width 0.1))
    (fp_line (start -1.6 -0.8) (end 1.6 -0.8) (layer F.Fab) (width 0.1))
    (fp_line (start 1.6 -0.8) (end 1.6 0.8) (layer F.Fab) (width 0.1))
    (fp_line (start 1.6 0.8) (end -1.6 0.8) (layer F.Fab) (width 0.1))
    (fp_line (start -0.602064 -0.91) (end 0.602064 -0.91) (layer F.SilkS) (width 0.12))
    (fp_line (start -0.602064 0.91) (end 0.602064 0.91) (layer F.SilkS) (width 0.12))
    (fp_line (start -2.45 1.12) (end -2.45 -1.12) (layer F.CrtYd) (width 0.05))
    (fp_line (start -2.45 -1.12) (end 2.45 -1.12) (layer F.CrtYd) (width 0.05))
    (fp_line (start 2.45 -1.12) (end 2.45 1.12) (layer F.CrtYd) (width 0.05))
    (fp_line (start 2.45 1.12) (end -2.45 1.12) (layer F.CrtYd) (width 0.05))
    (fp_text user %R (at 0 0 270) (layer F.Fab)
      (effects (font (size 0.8 0.8) (thickness 0.12)))
    )
    (pad 1 smd roundrect (at -1.4875 0 270) (size 1.425 1.75) (layers F.Cu F.Paste F.Mask) (roundrect_rratio 0.175439)
      (net 4 "Net-(C3-Pad1)"))
    (pad 2 smd roundrect (at 1.4875 0 270) (size 1.425 1.75) (layers F.Cu F.Paste F.Mask) (roundrect_rratio 0.175439)
      (net 2 GND))
    (model ${KISYS3DMOD}/Inductor_SMD.3dshapes/L_1206_3216Metric.wrl
      (at (xyz 0 0 0))
      (scale (xyz 1 1 1))
      (rotate (xyz 0 0 0))
    )
  )

  (module Inductor_SMD:L_1206_3216Metric_Pad1.42x1.75mm_HandSolder (layer F.Cu) (tedit 5B301BBE) (tstamp 5C245CA8)
    (at 89.3715 127.762)
    (descr "Capacitor SMD 1206 (3216 Metric), square (rectangular) end terminal, IPC_7351 nominal with elongated pad for handsoldering. (Body size source: http://www.tortai-tech.com/upload/download/2011102023233369053.pdf), generated with kicad-footprint-generator")
    (tags "inductor handsolder")
    (path /5C17E53B)
    (attr smd)
    (fp_text reference L4 (at 0 -2.032) (layer F.SilkS)
      (effects (font (size 1 1) (thickness 0.15)))
    )
    (fp_text value L (at 0 1.82) (layer F.Fab)
      (effects (font (size 1 1) (thickness 0.15)))
    )
    (fp_text user %R (at 0 0) (layer F.Fab)
      (effects (font (size 0.8 0.8) (thickness 0.12)))
    )
    (fp_line (start 2.45 1.12) (end -2.45 1.12) (layer F.CrtYd) (width 0.05))
    (fp_line (start 2.45 -1.12) (end 2.45 1.12) (layer F.CrtYd) (width 0.05))
    (fp_line (start -2.45 -1.12) (end 2.45 -1.12) (layer F.CrtYd) (width 0.05))
    (fp_line (start -2.45 1.12) (end -2.45 -1.12) (layer F.CrtYd) (width 0.05))
    (fp_line (start -0.602064 0.91) (end 0.602064 0.91) (layer F.SilkS) (width 0.12))
    (fp_line (start -0.602064 -0.91) (end 0.602064 -0.91) (layer F.SilkS) (width 0.12))
    (fp_line (start 1.6 0.8) (end -1.6 0.8) (layer F.Fab) (width 0.1))
    (fp_line (start 1.6 -0.8) (end 1.6 0.8) (layer F.Fab) (width 0.1))
    (fp_line (start -1.6 -0.8) (end 1.6 -0.8) (layer F.Fab) (width 0.1))
    (fp_line (start -1.6 0.8) (end -1.6 -0.8) (layer F.Fab) (width 0.1))
    (pad 2 smd roundrect (at 1.4875 0) (size 1.425 1.75) (layers F.Cu F.Paste F.Mask) (roundrect_rratio 0.175439)
      (net 6 "Net-(J2-Pad1)"))
    (pad 1 smd roundrect (at -1.4875 0) (size 1.425 1.75) (layers F.Cu F.Paste F.Mask) (roundrect_rratio 0.175439)
      (net 5 "Net-(C4-Pad2)"))
    (model ${KISYS3DMOD}/Inductor_SMD.3dshapes/L_1206_3216Metric.wrl
      (at (xyz 0 0 0))
      (scale (xyz 1 1 1))
      (rotate (xyz 0 0 0))
    )
  )

  (module RFLego_Footprint:SMA_Edge (layer F.Cu) (tedit 5C17E584) (tstamp 5C245DC3)
    (at 52.07 127.762)
    (path /5C17DF8A)
    (fp_text reference J1 (at 5.715 -2.667) (layer F.SilkS) hide
      (effects (font (size 1 1) (thickness 0.15)))
    )
    (fp_text value SMA (at 1.27 6.35) (layer F.Fab) hide
      (effects (font (size 1 1) (thickness 0.15)))
    )
    (pad 2 smd rect (at 2.032 2.54) (size 4.064 1.524) (layers F.Cu F.Mask)
      (net 2 GND))
    (pad 2 smd rect (at 2.032 -2.54) (size 4.064 1.524) (layers B.Cu B.Mask)
      (net 2 GND))
    (pad 2 smd rect (at 2.032 2.54) (size 4.064 1.524) (layers B.Cu B.Mask)
      (net 2 GND))
    (pad 2 smd rect (at 2.032 -2.54) (size 4.064 1.524) (layers F.Cu F.Mask)
      (net 2 GND))
    (pad 1 smd rect (at 2.032 0) (size 4.064 1.524) (layers F.Cu F.Mask)
      (net 1 "Net-(C1-Pad1)"))
  )

  (module RFLego_Footprint:SMA_Edge (layer F.Cu) (tedit 5C17E57F) (tstamp 5C245DCC)
    (at 93.472 127.762)
    (path /5C17DF1C)
    (fp_text reference J2 (at -1.397 -2.667) (layer F.SilkS) hide
      (effects (font (size 1 1) (thickness 0.15)))
    )
    (fp_text value SMA (at 1.27 6.35) (layer F.Fab) hide
      (effects (font (size 1 1) (thickness 0.15)))
    )
    (pad 2 smd rect (at 2.032 2.54) (size 4.064 1.524) (layers F.Cu F.Mask)
      (net 2 GND))
    (pad 2 smd rect (at 2.032 -2.54) (size 4.064 1.524) (layers B.Cu B.Mask)
      (net 2 GND))
    (pad 2 smd rect (at 2.032 2.54) (size 4.064 1.524) (layers B.Cu B.Mask)
      (net 2 GND))
    (pad 2 smd rect (at 2.032 -2.54) (size 4.064 1.524) (layers F.Cu F.Mask)
      (net 2 GND))
    (pad 1 smd rect (at 2.032 0) (size 4.064 1.524) (layers F.Cu F.Mask)
      (net 6 "Net-(J2-Pad1)"))
  )

  (module Symbol:ESD-Logo_6.6x6mm_SilkScreen (layer B.Cu) (tedit 0) (tstamp 5C245FF3)
    (at 78.105 128.27 180)
    (descr "Electrostatic discharge Logo")
    (tags "Logo ESD")
    (attr virtual)
    (fp_text reference REF** (at 0 0 180) (layer B.SilkS) hide
      (effects (font (size 1 1) (thickness 0.15)) (justify mirror))
    )
    (fp_text value ESD-Logo_6.6x6mm_SilkScreen (at 0.75 0 180) (layer B.Fab) hide
      (effects (font (size 1 1) (thickness 0.15)) (justify mirror))
    )
    (fp_poly (pts (xy 0.164043 2.914165) (xy 0.187065 2.876755) (xy 0.222534 2.817486) (xy 0.268996 2.738882)
      (xy 0.324996 2.643462) (xy 0.389081 2.53375) (xy 0.459796 2.412266) (xy 0.535687 2.281532)
      (xy 0.615299 2.14407) (xy 0.697178 2.002402) (xy 0.77987 1.859049) (xy 0.861921 1.716533)
      (xy 0.941876 1.577376) (xy 1.018281 1.444099) (xy 1.089682 1.319224) (xy 1.154624 1.205273)
      (xy 1.211653 1.104767) (xy 1.259315 1.020228) (xy 1.296155 0.954178) (xy 1.32072 0.909138)
      (xy 1.331554 0.88763) (xy 1.331951 0.886286) (xy 1.318501 0.868035) (xy 1.281114 0.840118)
      (xy 1.224235 0.805275) (xy 1.152312 0.766246) (xy 1.077015 0.729157) (xy 0.97456 0.684183)
      (xy 0.866817 0.643774) (xy 0.750073 0.607031) (xy 0.620618 0.573058) (xy 0.47474 0.540956)
      (xy 0.308726 0.509827) (xy 0.118866 0.478773) (xy -0.077531 0.449855) (xy -0.248166 0.4242)
      (xy -0.391455 0.398802) (xy -0.510992 0.372398) (xy -0.61037 0.343727) (xy -0.693182 0.311527)
      (xy -0.763022 0.274535) (xy -0.823482 0.231488) (xy -0.878155 0.181125) (xy -0.895786 0.162417)
      (xy -0.934 0.118861) (xy -0.962268 0.083318) (xy -0.975382 0.062417) (xy -0.975732 0.060703)
      (xy -0.98032 0.050194) (xy -0.996242 0.050076) (xy -1.026734 0.061746) (xy -1.075032 0.086604)
      (xy -1.144373 0.126048) (xy -1.192561 0.154413) (xy -1.264417 0.198753) (xy -1.320258 0.236721)
      (xy -1.356333 0.265584) (xy -1.368887 0.282612) (xy -1.368879 0.282736) (xy -1.361094 0.298963)
      (xy -1.339108 0.3396) (xy -1.304197 0.402433) (xy -1.257637 0.485248) (xy -1.200705 0.585828)
      (xy -1.134677 0.70196) (xy -1.060828 0.831429) (xy -0.980436 0.97202) (xy -0.894776 1.121518)
      (xy -0.805124 1.277708) (xy -0.712757 1.438376) (xy -0.618951 1.601307) (xy -0.524982 1.764287)
      (xy -0.432126 1.9251) (xy -0.34166 2.081532) (xy -0.254859 2.231367) (xy -0.173 2.372392)
      (xy -0.097359 2.502391) (xy -0.029213 2.619151) (xy 0.030163 2.720455) (xy 0.079493 2.804089)
      (xy 0.1175 2.867838) (xy 0.142907 2.909489) (xy 0.15444 2.926825) (xy 0.154923 2.927195)
      (xy 0.164043 2.914165)) (layer B.SilkS) (width 0.01))
    (fp_poly (pts (xy 1.987528 -0.234619) (xy 1.998908 -0.253693) (xy 2.024488 -0.297421) (xy 2.063002 -0.363619)
      (xy 2.113186 -0.450102) (xy 2.173775 -0.554685) (xy 2.243503 -0.675183) (xy 2.321107 -0.809412)
      (xy 2.40532 -0.955187) (xy 2.494879 -1.110323) (xy 2.586998 -1.27) (xy 2.681076 -1.433117)
      (xy 2.771402 -1.589709) (xy 2.856665 -1.737506) (xy 2.935557 -1.87424) (xy 3.006769 -1.997642)
      (xy 3.068991 -2.105444) (xy 3.120913 -2.195377) (xy 3.161228 -2.265173) (xy 3.188624 -2.312564)
      (xy 3.201507 -2.334786) (xy 3.222507 -2.37233) (xy 3.233925 -2.395831) (xy 3.234551 -2.39992)
      (xy 3.220636 -2.392242) (xy 3.181941 -2.370203) (xy 3.120487 -2.334971) (xy 3.038298 -2.287711)
      (xy 2.937396 -2.229589) (xy 2.819805 -2.161771) (xy 2.687546 -2.085424) (xy 2.542642 -2.001714)
      (xy 2.387117 -1.911806) (xy 2.222992 -1.816867) (xy 2.160549 -1.780732) (xy 1.993487 -1.684083)
      (xy 1.834074 -1.591938) (xy 1.684355 -1.505475) (xy 1.546376 -1.425871) (xy 1.422185 -1.354305)
      (xy 1.313827 -1.291955) (xy 1.223348 -1.239998) (xy 1.152796 -1.199613) (xy 1.104215 -1.171978)
      (xy 1.079654 -1.158272) (xy 1.077085 -1.156974) (xy 1.084569 -1.14522) (xy 1.110614 -1.113795)
      (xy 1.152559 -1.065594) (xy 1.207746 -1.00351) (xy 1.273517 -0.930439) (xy 1.347212 -0.849276)
      (xy 1.426173 -0.762916) (xy 1.50774 -0.674253) (xy 1.589254 -0.586182) (xy 1.668057 -0.501599)
      (xy 1.74149 -0.423397) (xy 1.806893 -0.354472) (xy 1.861608 -0.297719) (xy 1.902977 -0.256032)
      (xy 1.917164 -0.242363) (xy 1.96418 -0.198201) (xy 1.987528 -0.234619)) (layer B.SilkS) (width 0.01))
    (fp_poly (pts (xy -1.677906 -0.291158) (xy -1.645381 -0.303736) (xy -1.595807 -0.328712) (xy -1.524626 -0.367876)
      (xy -1.519084 -0.370988) (xy -1.453526 -0.408476) (xy -1.398202 -0.441319) (xy -1.358545 -0.466205)
      (xy -1.339988 -0.47982) (xy -1.339469 -0.480487) (xy -1.343952 -0.49939) (xy -1.364514 -0.541605)
      (xy -1.399817 -0.604832) (xy -1.44852 -0.686772) (xy -1.509282 -0.785122) (xy -1.580764 -0.897585)
      (xy -1.598555 -0.925165) (xy -1.644907 -1.001699) (xy -1.678658 -1.067556) (xy -1.696847 -1.116782)
      (xy -1.698714 -1.126507) (xy -1.697885 -1.169312) (xy -1.688606 -1.237209) (xy -1.672032 -1.325843)
      (xy -1.64932 -1.430859) (xy -1.621627 -1.547902) (xy -1.59011 -1.672616) (xy -1.555925 -1.800645)
      (xy -1.520229 -1.927634) (xy -1.484179 -2.049228) (xy -1.448932 -2.161072) (xy -1.415644 -2.25881)
      (xy -1.385472 -2.338087) (xy -1.364439 -2.385122) (xy -1.339663 -2.435225) (xy -1.31627 -2.483168)
      (xy -1.315003 -2.485793) (xy -1.276301 -2.53422) (xy -1.219816 -2.566828) (xy -1.154061 -2.582454)
      (xy -1.087549 -2.579937) (xy -1.028795 -2.558114) (xy -0.995742 -2.529382) (xy -0.948141 -2.450583)
      (xy -0.913261 -2.352378) (xy -0.894123 -2.244779) (xy -0.891412 -2.18378) (xy -0.90233 -2.069935)
      (xy -0.934376 -1.97566) (xy -0.989274 -1.896379) (xy -1.006393 -1.878733) (xy -1.057339 -1.829235)
      (xy -1.060837 -1.479362) (xy -1.064336 -1.129489) (xy -0.975182 -0.994531) (xy -0.933346 -0.933445)
      (xy -0.893055 -0.878493) (xy -0.860057 -0.837336) (xy -0.845874 -0.822192) (xy -0.805719 -0.78481)
      (xy -0.751335 -0.814098) (xy -0.716961 -0.835084) (xy -0.698154 -0.851378) (xy -0.696951 -0.854307)
      (xy -0.684097 -0.866728) (xy -0.662104 -0.875977) (xy -0.64085 -0.884313) (xy -0.608306 -0.900149)
      (xy -0.561678 -0.925033) (xy -0.498171 -0.960509) (xy -0.414992 -1.008123) (xy -0.309347 -1.069422)
      (xy -0.251938 -1.102932) (xy -0.184406 -1.143071) (xy -0.140115 -1.171659) (xy -0.115145 -1.192039)
      (xy -0.105577 -1.207553) (xy -0.107492 -1.221546) (xy -0.109089 -1.224796) (xy -0.124624 -1.245266)
      (xy -0.157864 -1.283665) (xy -0.204938 -1.335696) (xy -0.261972 -1.397066) (xy -0.3113 -1.44909)
      (xy -0.42497 -1.572567) (xy -0.513895 -1.679591) (xy -0.578866 -1.77124) (xy -0.620679 -1.848588)
      (xy -0.634783 -1.887866) (xy -0.640608 -1.922249) (xy -0.646625 -1.980899) (xy -0.652304 -2.057117)
      (xy -0.657116 -2.144202) (xy -0.659381 -2.199268) (xy -0.662541 -2.294464) (xy -0.663931 -2.364062)
      (xy -0.663142 -2.413409) (xy -0.659765 -2.447854) (xy -0.653392 -2.472743) (xy -0.643613 -2.493425)
      (xy -0.635933 -2.506053) (xy -0.591579 -2.554726) (xy -0.534426 -2.588645) (xy -0.474292 -2.603438)
      (xy -0.429227 -2.598086) (xy -0.388424 -2.57493) (xy -0.337276 -2.533462) (xy -0.282958 -2.480912)
      (xy -0.232643 -2.424516) (xy -0.193506 -2.371505) (xy -0.179095 -2.345889) (xy -0.157509 -2.310814)
      (xy -0.118247 -2.257389) (xy -0.064898 -2.189789) (xy -0.001048 -2.11219) (xy 0.069715 -2.028768)
      (xy 0.143804 -1.943698) (xy 0.217632 -1.861155) (xy 0.287611 -1.785316) (xy 0.350155 -1.720356)
      (xy 0.39926 -1.672669) (xy 0.453779 -1.625032) (xy 0.499642 -1.589908) (xy 0.531811 -1.570949)
      (xy 0.542489 -1.568864) (xy 0.558853 -1.577274) (xy 0.599671 -1.599846) (xy 0.662586 -1.635224)
      (xy 0.745244 -1.682054) (xy 0.845289 -1.738981) (xy 0.960366 -1.804649) (xy 1.088119 -1.877703)
      (xy 1.226194 -1.956788) (xy 1.372234 -2.040548) (xy 1.523884 -2.127629) (xy 1.67879 -2.216676)
      (xy 1.834595 -2.306332) (xy 1.988944 -2.395243) (xy 2.139482 -2.482054) (xy 2.283854 -2.565409)
      (xy 2.419704 -2.643954) (xy 2.544677 -2.716333) (xy 2.656417 -2.78119) (xy 2.75257 -2.837171)
      (xy 2.830779 -2.88292) (xy 2.888689 -2.917083) (xy 2.923946 -2.938304) (xy 2.934165 -2.944963)
      (xy 2.920402 -2.94628) (xy 2.877104 -2.947559) (xy 2.805714 -2.948796) (xy 2.707673 -2.949983)
      (xy 2.584422 -2.951115) (xy 2.437403 -2.952186) (xy 2.268057 -2.953189) (xy 2.077826 -2.954119)
      (xy 1.868151 -2.954968) (xy 1.640473 -2.955732) (xy 1.396235 -2.956403) (xy 1.136877 -2.956976)
      (xy 0.863841 -2.957444) (xy 0.578568 -2.957802) (xy 0.2825 -2.958042) (xy -0.022921 -2.958159)
      (xy -0.151076 -2.958171) (xy -3.25103 -2.958171) (xy -3.029947 -2.574847) (xy -2.983144 -2.49368)
      (xy -2.922898 -2.389166) (xy -2.851222 -2.264801) (xy -2.770131 -2.124082) (xy -2.681638 -1.970503)
      (xy -2.58776 -1.807562) (xy -2.490509 -1.638754) (xy -2.3919 -1.467575) (xy -2.293947 -1.297521)
      (xy -2.269175 -1.254512) (xy -2.178848 -1.097857) (xy -2.092711 -0.948803) (xy -2.012058 -0.809568)
      (xy -1.938184 -0.682371) (xy -1.872383 -0.569432) (xy -1.81595 -0.472968) (xy -1.770179 -0.3952)
      (xy -1.736365 -0.338346) (xy -1.715802 -0.304625) (xy -1.710047 -0.29604) (xy -1.697942 -0.289189)
      (xy -1.677906 -0.291158)) (layer B.SilkS) (width 0.01))
  )

  (gr_line (start 52.07 123.19) (end 52.705 123.19) (layer Edge.Cuts) (width 0.15))
  (gr_line (start 52.07 132.715) (end 52.07 123.19) (layer Edge.Cuts) (width 0.15))
  (gr_line (start 97.79 132.715) (end 52.07 132.715) (layer Edge.Cuts) (width 0.15))
  (gr_line (start 97.79 123.19) (end 97.79 132.715) (layer Edge.Cuts) (width 0.15))
  (gr_line (start 52.07 123.19) (end 97.79 123.19) (layer Edge.Cuts) (width 0.15))
  (gr_line (start 64.135 131.445) (end 73.66 131.445) (layer F.SilkS) (width 1.5))

  (segment (start 54.102 127.762) (end 58.674 127.762) (width 1.8) (layer F.Cu) (net 1))
  (segment (start 58.674 127.762) (end 61.722 127.762) (width 1.8) (layer F.Cu) (net 1))
  (segment (start 61.722 127.762) (end 65.024 127.762) (width 1.8) (layer F.Cu) (net 1))
  (segment (start 61.722 130.737) (end 63.573 130.737) (width 0.2032) (layer F.Cu) (net 2))
  (via (at 64.135 130.175) (size 0.6096) (drill 0.3048) (layers F.Cu B.Cu) (net 2))
  (segment (start 63.573 130.737) (end 64.135 130.175) (width 0.2032) (layer F.Cu) (net 2))
  (via (at 65.405 130.175) (size 0.6096) (drill 0.3048) (layers F.Cu B.Cu) (net 2))
  (segment (start 64.135 130.175) (end 65.405 130.175) (width 0.2032) (layer B.Cu) (net 2))
  (via (at 66.675 130.175) (size 0.6096) (drill 0.3048) (layers F.Cu B.Cu) (net 2))
  (segment (start 65.405 130.175) (end 66.675 130.175) (width 0.2032) (layer F.Cu) (net 2))
  (via (at 67.945 130.175) (size 0.6096) (drill 0.3048) (layers F.Cu B.Cu) (net 2))
  (segment (start 66.675 130.175) (end 67.945 130.175) (width 0.2032) (layer B.Cu) (net 2))
  (via (at 69.215 130.175) (size 0.6096) (drill 0.3048) (layers F.Cu B.Cu) (net 2))
  (segment (start 67.945 130.175) (end 69.215 130.175) (width 0.2032) (layer F.Cu) (net 2))
  (via (at 70.485 130.175) (size 0.6096) (drill 0.3048) (layers F.Cu B.Cu) (net 2))
  (segment (start 69.215 130.175) (end 70.485 130.175) (width 0.2032) (layer B.Cu) (net 2))
  (via (at 71.755 130.175) (size 0.6096) (drill 0.3048) (layers F.Cu B.Cu) (net 2))
  (segment (start 70.485 130.175) (end 71.755 130.175) (width 0.2032) (layer F.Cu) (net 2))
  (via (at 73.025 130.175) (size 0.6096) (drill 0.3048) (layers F.Cu B.Cu) (net 2))
  (segment (start 71.755 130.175) (end 73.025 130.175) (width 0.2032) (layer B.Cu) (net 2))
  (segment (start 73.025 130.175) (end 74.295 130.175) (width 0.2032) (layer F.Cu) (net 2))
  (via (at 74.295 130.175) (size 0.6096) (drill 0.3048) (layers F.Cu B.Cu) (net 2))
  (via (at 57.15 125.095) (size 0.6096) (drill 0.3048) (layers F.Cu B.Cu) (net 2))
  (segment (start 54.102 125.222) (end 57.023 125.222) (width 0.2032) (layer F.Cu) (net 2))
  (segment (start 57.023 125.222) (end 57.15 125.095) (width 0.2032) (layer F.Cu) (net 2))
  (via (at 58.42 125.095) (size 0.6096) (drill 0.3048) (layers F.Cu B.Cu) (net 2))
  (segment (start 57.15 125.095) (end 58.42 125.095) (width 0.2032) (layer B.Cu) (net 2))
  (via (at 59.69 125.095) (size 0.6096) (drill 0.3048) (layers F.Cu B.Cu) (net 2))
  (segment (start 58.42 125.095) (end 59.69 125.095) (width 0.2032) (layer F.Cu) (net 2))
  (via (at 60.96 125.095) (size 0.6096) (drill 0.3048) (layers F.Cu B.Cu) (net 2))
  (segment (start 59.69 125.095) (end 60.96 125.095) (width 0.2032) (layer B.Cu) (net 2))
  (via (at 62.23 125.095) (size 0.6096) (drill 0.3048) (layers F.Cu B.Cu) (net 2))
  (segment (start 60.96 125.095) (end 62.23 125.095) (width 0.2032) (layer F.Cu) (net 2))
  (via (at 63.5 125.095) (size 0.6096) (drill 0.3048) (layers F.Cu B.Cu) (net 2))
  (segment (start 62.23 125.095) (end 63.5 125.095) (width 0.2032) (layer B.Cu) (net 2))
  (via (at 64.77 125.095) (size 0.6096) (drill 0.3048) (layers F.Cu B.Cu) (net 2))
  (segment (start 63.5 125.095) (end 64.77 125.095) (width 0.2032) (layer F.Cu) (net 2))
  (via (at 66.04 125.095) (size 0.6096) (drill 0.3048) (layers F.Cu B.Cu) (net 2))
  (segment (start 64.77 125.095) (end 66.04 125.095) (width 0.2032) (layer B.Cu) (net 2))
  (via (at 67.31 125.095) (size 0.6096) (drill 0.3048) (layers F.Cu B.Cu) (net 2))
  (segment (start 66.04 125.095) (end 67.31 125.095) (width 0.2032) (layer F.Cu) (net 2))
  (via (at 68.58 125.095) (size 0.6096) (drill 0.3048) (layers F.Cu B.Cu) (net 2))
  (segment (start 67.31 125.095) (end 68.58 125.095) (width 0.2032) (layer B.Cu) (net 2))
  (via (at 69.85 125.095) (size 0.6096) (drill 0.3048) (layers F.Cu B.Cu) (net 2))
  (segment (start 68.58 125.095) (end 69.85 125.095) (width 0.2032) (layer F.Cu) (net 2))
  (via (at 71.12 125.095) (size 0.6096) (drill 0.3048) (layers F.Cu B.Cu) (net 2))
  (segment (start 69.85 125.095) (end 71.12 125.095) (width 0.2032) (layer B.Cu) (net 2))
  (via (at 72.39 125.095) (size 0.6096) (drill 0.3048) (layers F.Cu B.Cu) (net 2))
  (segment (start 71.12 125.095) (end 72.39 125.095) (width 0.2032) (layer F.Cu) (net 2))
  (segment (start 72.39 125.095) (end 73.66 125.095) (width 0.2032) (layer B.Cu) (net 2))
  (via (at 73.66 125.095) (size 0.6096) (drill 0.3048) (layers F.Cu B.Cu) (net 2))
  (via (at 74.93 125.095) (size 0.6096) (drill 0.3048) (layers F.Cu B.Cu) (net 2))
  (segment (start 73.66 125.095) (end 74.93 125.095) (width 0.2032) (layer F.Cu) (net 2))
  (via (at 76.2 125.095) (size 0.6096) (drill 0.3048) (layers F.Cu B.Cu) (net 2))
  (segment (start 74.93 125.095) (end 76.2 125.095) (width 0.2032) (layer B.Cu) (net 2))
  (via (at 77.47 125.095) (size 0.6096) (drill 0.3048) (layers F.Cu B.Cu) (net 2))
  (segment (start 76.2 125.095) (end 77.47 125.095) (width 0.2032) (layer F.Cu) (net 2))
  (via (at 78.74 125.095) (size 0.6096) (drill 0.3048) (layers F.Cu B.Cu) (net 2))
  (segment (start 77.47 125.095) (end 78.74 125.095) (width 0.2032) (layer B.Cu) (net 2))
  (via (at 80.01 125.095) (size 0.6096) (drill 0.3048) (layers F.Cu B.Cu) (net 2))
  (segment (start 78.74 125.095) (end 80.01 125.095) (width 0.2032) (layer F.Cu) (net 2))
  (via (at 81.28 125.095) (size 0.6096) (drill 0.3048) (layers F.Cu B.Cu) (net 2))
  (segment (start 80.01 125.095) (end 81.28 125.095) (width 0.2032) (layer B.Cu) (net 2))
  (via (at 82.55 125.095) (size 0.6096) (drill 0.3048) (layers F.Cu B.Cu) (net 2))
  (segment (start 81.28 125.095) (end 82.55 125.095) (width 0.2032) (layer F.Cu) (net 2))
  (via (at 83.82 125.095) (size 0.6096) (drill 0.3048) (layers F.Cu B.Cu) (net 2))
  (segment (start 82.55 125.095) (end 83.82 125.095) (width 0.2032) (layer B.Cu) (net 2))
  (via (at 85.09 125.095) (size 0.6096) (drill 0.3048) (layers F.Cu B.Cu) (net 2))
  (segment (start 83.82 125.095) (end 85.09 125.095) (width 0.2032) (layer F.Cu) (net 2))
  (via (at 86.36 125.095) (size 0.6096) (drill 0.3048) (layers F.Cu B.Cu) (net 2))
  (segment (start 85.09 125.095) (end 86.36 125.095) (width 0.2032) (layer B.Cu) (net 2))
  (via (at 87.63 125.095) (size 0.6096) (drill 0.3048) (layers F.Cu B.Cu) (net 2))
  (segment (start 86.36 125.095) (end 87.63 125.095) (width 0.2032) (layer F.Cu) (net 2))
  (via (at 88.9 125.095) (size 0.6096) (drill 0.3048) (layers F.Cu B.Cu) (net 2))
  (segment (start 87.63 125.095) (end 88.9 125.095) (width 0.2032) (layer B.Cu) (net 2))
  (via (at 90.17 125.095) (size 0.6096) (drill 0.3048) (layers F.Cu B.Cu) (net 2))
  (segment (start 88.9 125.095) (end 90.17 125.095) (width 0.2032) (layer F.Cu) (net 2))
  (via (at 91.44 125.095) (size 0.6096) (drill 0.3048) (layers F.Cu B.Cu) (net 2))
  (segment (start 90.17 125.095) (end 91.44 125.095) (width 0.2032) (layer B.Cu) (net 2))
  (via (at 92.71 125.095) (size 0.6096) (drill 0.3048) (layers F.Cu B.Cu) (net 2))
  (segment (start 91.44 125.095) (end 92.71 125.095) (width 0.2032) (layer F.Cu) (net 2))
  (segment (start 95.377 125.095) (end 95.504 125.222) (width 0.2032) (layer B.Cu) (net 2))
  (segment (start 92.71 125.095) (end 95.377 125.095) (width 0.2032) (layer B.Cu) (net 2))
  (segment (start 79.502 130.7735) (end 80.6815 130.7735) (width 0.2032) (layer F.Cu) (net 2))
  (via (at 81.915 130.175) (size 0.6096) (drill 0.3048) (layers F.Cu B.Cu) (net 2))
  (segment (start 79.502 130.7735) (end 81.3165 130.7735) (width 0.2032) (layer F.Cu) (net 2))
  (segment (start 81.3165 130.7735) (end 81.915 130.175) (width 0.2032) (layer F.Cu) (net 2))
  (via (at 83.185 130.175) (size 0.6096) (drill 0.3048) (layers F.Cu B.Cu) (net 2))
  (segment (start 81.915 130.175) (end 83.185 130.175) (width 0.2032) (layer B.Cu) (net 2))
  (via (at 84.455 130.175) (size 0.6096) (drill 0.3048) (layers F.Cu B.Cu) (net 2))
  (segment (start 83.185 130.175) (end 84.455 130.175) (width 0.2032) (layer F.Cu) (net 2))
  (via (at 85.725 130.175) (size 0.6096) (drill 0.3048) (layers F.Cu B.Cu) (net 2))
  (segment (start 84.455 130.175) (end 85.725 130.175) (width 0.2032) (layer B.Cu) (net 2))
  (via (at 86.995 130.175) (size 0.6096) (drill 0.3048) (layers F.Cu B.Cu) (net 2))
  (segment (start 85.725 130.175) (end 86.995 130.175) (width 0.2032) (layer F.Cu) (net 2))
  (via (at 88.265 130.175) (size 0.6096) (drill 0.3048) (layers F.Cu B.Cu) (net 2))
  (segment (start 86.995 130.175) (end 88.265 130.175) (width 0.2032) (layer B.Cu) (net 2))
  (via (at 89.535 130.175) (size 0.6096) (drill 0.3048) (layers F.Cu B.Cu) (net 2))
  (segment (start 88.265 130.175) (end 89.535 130.175) (width 0.2032) (layer F.Cu) (net 2))
  (via (at 90.805 130.175) (size 0.6096) (drill 0.3048) (layers F.Cu B.Cu) (net 2))
  (segment (start 89.535 130.175) (end 90.805 130.175) (width 0.2032) (layer B.Cu) (net 2))
  (via (at 92.075 130.175) (size 0.6096) (drill 0.3048) (layers F.Cu B.Cu) (net 2))
  (segment (start 90.805 130.175) (end 92.075 130.175) (width 0.2032) (layer F.Cu) (net 2))
  (segment (start 95.377 130.175) (end 95.504 130.302) (width 0.2032) (layer B.Cu) (net 2))
  (segment (start 92.075 130.175) (end 95.377 130.175) (width 0.2032) (layer B.Cu) (net 2))
  (segment (start 67.999 127.762) (end 70.358 127.762) (width 1.8) (layer F.Cu) (net 3))
